## Geo splitt for 2024
## See norgeo issue 84

idx <- c(37, 69, 70, 71, 73, 74)
